abcb6d00-4c92-11e5-8384-6979f5d6a867 [[0,0,0],[0,0,0],[0,0,0]]
ac1e6f00-4c92-11e5-8384-6979f5d6a867 [[0,1,0],[0,0,0],[0,0,0]]
ac740910-4c92-11e5-8384-6979f5d6a867 [[0,0,0],[0,0,0],[0,0,0]]
acc695e0-4c92-11e5-8384-6979f5d6a867 [[0,0,0],[0,0,0],[0,0,0]]
ad1a8240-4c92-11e5-8384-6979f5d6a867 [[0,0,0],[0,0,0],[0,0,0]]
eb7f7350-4c93-11e5-a8ca-6968056ac80f [[0,0,0],[0,0,0],[0,0,0]]
ef8c41a0-4c96-11e5-9946-352dcd8cc2df [[0,0,0],[0,0,0],[0,0,0]]
9acb7e00-4cbf-11e5-b56d-9fb666056eb6 [[0,0,0],[0,0,0],[0,0,0]]
f745cfc0-4d53-11e5-be3e-9f45cb313230 [[0,0,0],[0,0,0],[0,0,0]]
5465fdb0-4d54-11e5-be3e-9f45cb313230 [[0,0,0],[0,0,0],[2,2,2]]
94b5ae20-4d5d-11e5-8a2f-95c7f59e135b [[0,0,0],[0,0,0],[2,2,2]] 2
